[
  {
    "listing": "/listing-econ-341-lec.html",
    "items": [
      "/econ-lec/econ-341-lec-09-2024-0916.html",
      "/econ-lec/econ-341-lec-08-2024-0913.html",
      "/econ-lec/econ-341-lec-07-2024-0911.html",
      "/econ-lec/econ-341-lec-06-2024-0909.html",
      "/econ-lec/econ-341-lec-05-2024-0906.html",
      "/econ-lec/econ-341-lec-04-2024-0904.html",
      "/econ-lec/econ-341-lec-03-2024-0830.html",
      "/econ-lec/econ-341-lec-02-2024-0828.html",
      "/econ-lec/econ-341-lec-11-2024-0920.html",
      "/econ-lec/econ-341-lec-10-2024-0918.html",
      "/econ-lec/econ-341-lec-01-2024-0826.html"
    ]
  },
  {
    "listing": "/blog-listing.html",
    "items": [
      "/posts/nba/nba.html",
      "/posts/py-basic/blog-python-basics.html",
      "/posts/starwars/starwars_df.html",
      "/posts/beer-markets/beer-markets.html",
      "/posts/welcome/index.html"
    ]
  },
  {
    "listing": "/listing-econ-341-hw.html",
    "items": [
      "/econ-hw/econ-341-hw-01.html"
    ]
  },
  {
    "listing": "/listing-econ-341-cw.html",
    "items": [
      "/econ-cw/econ-341-cw-03.html",
      "/econ-cw/econ-341-cw-02.html",
      "/econ-cw/econ-341-cw-01.html"
    ]
  },
  {
    "listing": "/listing-econ-341-qa.html",
    "items": [
      "/econ-qa/econ-341-qa.html"
    ]
  },
  {
    "listing": "/index.html",
    "items": [
      "/econ-lec/econ-341-lec-11-2024-0920.html",
      "/econ-lec/econ-341-lec-10-2024-0918.html",
      "/econ-lec/econ-341-lec-09-2024-0916.html",
      "/econ-lec/econ-341-lec-08-2024-0913.html",
      "/econ-lec/econ-341-lec-07-2024-0911.html",
      "/econ-lec/econ-341-lec-06-2024-0909.html",
      "/econ-lec/econ-341-lec-05-2024-0906.html",
      "/econ-lec/econ-341-lec-04-2024-0904.html",
      "/econ-lec/econ-341-lec-03-2024-0830.html",
      "/econ-lec/econ-341-lec-02-2024-0828.html",
      "/econ-lec/econ-341-lec-01-2024-0826.html",
      "/econ-qa/econ-341-qa.html",
      "/econ-cw/econ-341-cw-03.html",
      "/econ-cw/econ-341-cw-02.html",
      "/econ-cw/econ-341-cw-01.html",
      "/econ-hw/econ-341-hw-01.html"
    ]
  }
]