[
  {
    "listing": "/listing-econ-341-lec.html",
    "items": [
      "/econ-lec/econ-341-lec-01-2024-0826.html",
      "/econ-lec/econ-341-lec-02-2024-0828.html",
      "/econ-lec/econ-341-lec-03-2024-0830.html",
      "/econ-lec/econ-341-lec-04-2024-0904.html",
      "/econ-lec/econ-341-lec-05-2024-0906.html",
      "/econ-lec/econ-341-lec-06-2024-0909.html",
      "/econ-lec/econ-341-lec-07-2024-0911.html",
      "/econ-lec/econ-341-lec-08-2024-0913.html",
      "/econ-lec/econ-341-lec-09-2024-0916.html",
      "/econ-lec/econ-341-lec-10-2024-0918.html",
      "/econ-lec/econ-341-lec-11-2024-0920.html",
      "/econ-lec/econ-341-lec-12-2024-0925.html",
      "/econ-lec/econ-341-lec-13-2024-0927.html",
      "/econ-lec/econ-341-lec-14-2024-0930.html",
      "/econ-lec/econ-341-lec-15-2024-1002.html",
      "/econ-lec/econ-341-lec-16-2024-1004.html",
      "/econ-lec/econ-341-lec-17-2024-1016.html",
      "/econ-lec/econ-341-lec-18-2024-1018.html",
      "/econ-lec/econ-341-lec-19-2024-1021.html",
      "/econ-lec/econ-341-lec-20-2024-1023.html",
      "/econ-lec/econ-341-lec-21-2024-1025.html",
      "/econ-lec/econ-341-lec-22-2024-1028.html",
      "/econ-lec/econ-341-lec-23-2024-1030.html",
      "/econ-lec/econ-341-lec-24-2024-1104.html",
      "/econ-lec/econ-341-lec-25-2024-1106.html",
      "/econ-lec/econ-341-lec-26-2024-1108.html"
    ]
  },
  {
    "listing": "/blog-listing.html",
    "items": [
      "/posts/nba/nba.html",
      "/posts/py-basic/blog-python-basics.html",
      "/posts/starwars/starwars_df.html",
      "/posts/beer-markets/beer-markets.html",
      "/posts/welcome/index.html"
    ]
  },
  {
    "listing": "/index.html",
    "items": [
      "/econ-lec/econ-341-lec-26-2024-1108.html",
      "/econ-lec/econ-341-lec-25-2024-1106.html",
      "/econ-lec/econ-341-lec-24-2024-1104.html",
      "/econ-lec/econ-341-lec-23-2024-1030.html",
      "/econ-lec/econ-341-lec-22-2024-1028.html",
      "/econ-lec/econ-341-lec-21-2024-1025.html",
      "/econ-lec/econ-341-lec-20-2024-1023.html",
      "/econ-lec/econ-341-lec-19-2024-1021.html",
      "/econ-lec/econ-341-lec-18-2024-1018.html",
      "/econ-lec/econ-341-lec-17-2024-1016.html",
      "/econ-lec/econ-341-lec-16-2024-1004.html",
      "/econ-lec/econ-341-lec-15-2024-1002.html",
      "/econ-lec/econ-341-lec-14-2024-0930.html",
      "/econ-lec/econ-341-lec-13-2024-0927.html",
      "/econ-lec/econ-341-lec-12-2024-0925.html",
      "/econ-lec/econ-341-lec-11-2024-0920.html",
      "/econ-lec/econ-341-lec-10-2024-0918.html",
      "/econ-lec/econ-341-lec-09-2024-0916.html",
      "/econ-lec/econ-341-lec-08-2024-0913.html",
      "/econ-lec/econ-341-lec-07-2024-0911.html",
      "/econ-lec/econ-341-lec-06-2024-0909.html",
      "/econ-lec/econ-341-lec-05-2024-0906.html",
      "/econ-lec/econ-341-lec-04-2024-0904.html",
      "/econ-lec/econ-341-lec-03-2024-0830.html",
      "/econ-lec/econ-341-lec-02-2024-0828.html",
      "/econ-lec/econ-341-lec-01-2024-0826.html",
      "/econ-cw/econ-341-cw-05.html",
      "/econ-cw/econ-341-cw-04.html",
      "/econ-cw/econ-341-cw-03.html",
      "/econ-cw/econ-341-cw-02.html",
      "/econ-cw/econ-341-cw-01.html",
      "/econ-hw/econ-341-hw-03.html",
      "/econ-hw/econ-341-hw-02-a.html",
      "/econ-hw/econ-341-hw-01-a.html",
      "/econ-hw/econ-341-hw-02.html",
      "/econ-hw/econ-341-hw-01.html",
      "/econ-rw/econ-341-rw-00.html",
      "/econ-rw/econ-341-rw-01.html",
      "/econ-rw/econ-341-rw-02.html",
      "/econ-rw/econ-341-rw-03.html",
      "/econ-rw/econ-341-rw-04.html",
      "/econ-rw/econ-341-rw-05.html",
      "/econ-rw/econ-341-rw-06.html",
      "/econ-rw/econ-341-rw-07.html"
    ]
  },
  {
    "listing": "/listing-econ-341-qa.html",
    "items": [
      "/econ-qa/econ-341-qa.html"
    ]
  },
  {
    "listing": "/listing-econ-341-cw.html",
    "items": [
      "/econ-cw/econ-341-cw-01.html",
      "/econ-cw/econ-341-cw-02.html",
      "/econ-cw/econ-341-cw-03.html",
      "/econ-cw/econ-341-cw-04.html",
      "/econ-cw/econ-341-cw-05.html"
    ]
  },
  {
    "listing": "/listing-econ-341-hw.html",
    "items": [
      "/econ-hw/econ-341-hw-01.html",
      "/econ-hw/econ-341-hw-01-a.html",
      "/econ-hw/econ-341-hw-02.html",
      "/econ-hw/econ-341-hw-02-a.html",
      "/econ-hw/econ-341-hw-03.html"
    ]
  },
  {
    "listing": "/listing-econ-341-rw.html",
    "items": [
      "/econ-rw/econ-341-rw-00.html",
      "/econ-rw/econ-341-rw-01.html",
      "/econ-rw/econ-341-rw-02.html",
      "/econ-rw/econ-341-rw-03.html",
      "/econ-rw/econ-341-rw-04.html",
      "/econ-rw/econ-341-rw-05.html",
      "/econ-rw/econ-341-rw-06.html",
      "/econ-rw/econ-341-rw-07.html"
    ]
  }
]